MODEL.01
MODEL_RPSL_WI
ISOTROPIC
KGS
FLAT EARTH
1-D
CONSTANT VELOCITY
LINE08
LINE09
LINE10
LINE11
H VP VS RHO QP QS ETAP ETAS FREFP FREFS
1.000000 3.100000 1.733000 2.318000 6000.000000 6000.000000 0.000000 0.000000 1.000000 1.000000
1.000000 3.730000 2.000000 2.417000 6000.000000 6000.000000 0.000000 0.000000 1.000000 1.000000
0.370000 4.470000 2.519000 2.558000 6000.000000 6000.000000 0.000000 0.000000 1.000000 1.000000
0.890000 5.800000 3.100000 2.700000 6000.000000 6000.000000 0.000000 0.000000 1.000000 1.000000
0.700000 4.420000 2.900000 2.566000 6000.000000 6000.000000 0.000000 0.000000 1.000000 1.000000
5.040000 6.200000 3.570000 2.700000 6000.000000 6000.000000 0.000000 0.000000 1.000000 1.000000
